EVENTS FOR SYSTEM AuthTeam
Date:2026-01-16T13:00:45.573847400Z User:user-100 Type:KNOWN Result:OK
Date:2026-01-16T13:00:45.581153600Z User:user-200 Type:KNOWN Result:NOT_OK
Date:2026-01-16T13:00:45.581153600Z User:user-300 Type:KNOWN Result:NOT_OK
Date:2026-01-16T13:00:45.581153600Z User:user-999 Type:UNKNOWN Result:OK
